,date,GOOGL,class_label
0,2020-11-02,1624.32,0.0
1,2020-11-03,1645.66,0.0
2,2020-11-04,1745.85,-1.0
3,2020-11-05,1762.5,-1.0
4,2020-11-06,1759.73,0.5
5,2020-11-09,1761.42,0.0
6,2020-11-10,1737.72,-1.0
7,2020-11-11,1747.23,-1.0
8,2020-11-12,1742.82,0.5
9,2020-11-13,1772.26,0.0
10,2020-11-16,1774.03,-1.0
11,2020-11-17,1761.66,0.0
12,2020-11-18,1740.64,-1.0
13,2020-11-19,1758.57,1.0
14,2020-11-20,1736.38,-1.0
15,2020-11-22,1736.38,1.0
16,2020-11-23,1727.56,0.6666666666666666
17,2020-11-24,1763.9,0.0
18,2020-11-25,1764.13,0.6666666666666666
19,2020-11-27,1787.02,-1.0
20,2020-11-28,1787.02,1.0
21,2020-11-29,1787.02,1.0
22,2020-11-30,1754.4,-1.0
23,2020-12-01,1795.36,0.0
24,2020-12-02,1824.97,-1.0
25,2020-12-03,1821.84,-1.0
26,2020-12-04,1823.76,-1.0
27,2020-12-07,1817.03,0.5
28,2020-12-08,1811.33,-1.0
29,2020-12-09,1777.86,1.0
30,2020-12-10,1767.65,-1.0
31,2020-12-11,1774.8,0.0
32,2020-12-14,1752.26,-1.0
33,2020-12-15,1761.08,0.0
34,2020-12-16,1757.19,0.5
35,2020-12-17,1740.51,-1.0
36,2020-12-18,1726.22,-1.0
37,2020-12-21,1734.56,-1.0
38,2020-12-22,1720.22,0.0
39,2020-12-23,1728.23,-1.0
40,2020-12-24,1734.16,0.0
41,2020-12-28,1773.96,0.5
42,2020-12-29,1757.76,-1.0
43,2020-12-30,1736.25,1.0
44,2020-12-31,1752.64,-1.0
45,2021-01-02,1752.64,0.0
46,2021-01-04,1726.13,-1.0
47,2021-01-05,1740.05,0.0
48,2021-01-06,1722.88,-1.0
49,2021-01-07,1774.34,1.0
50,2021-01-08,1797.83,0.5
51,2021-01-09,1797.83,0.0
52,2021-01-11,1756.29,0.0
53,2021-01-12,1737.43,0.0
54,2021-01-13,1747.25,0.0
55,2021-01-14,1730.92,1.0
56,2021-01-15,1727.62,0.3333333333333333
57,2021-01-18,1727.62,0.0
58,2021-01-19,1784.47,1.0
59,2021-01-20,1880.07,1.0
60,2021-01-21,1884.15,0.0
61,2021-01-22,1892.56,0.3333333333333333
62,2021-01-25,1894.28,1.0
63,2021-01-26,1907.95,0.25
64,2021-01-27,1818.94,0.3333333333333333
65,2021-01-28,1853.2,0.0
66,2021-01-29,1827.36,-1.0
67,2021-02-01,1893.07,0.5
68,2021-02-02,1919.12,0.3333333333333333
69,2021-02-03,2058.88,0.0
70,2021-02-04,2053.63,0.5
71,2021-02-05,2088.83,1.0
72,2021-02-06,2088.83,1.0
73,2021-02-08,2084.52,0.4285714285714285
74,2021-02-09,2075.39,0.5
75,2021-02-10,2086.48,0.75
76,2021-02-11,2088.75,-1.0
77,2021-02-12,2095.03,0.5
78,2021-02-13,2095.03,1.0
79,2021-02-14,2095.03,0.5
80,2021-02-15,2095.03,0.0
81,2021-02-16,2110.7,0.0
82,2021-02-17,2118.62,0.0
83,2021-02-18,2105.81,0.5
84,2021-02-19,2088.81,0.1428571428571428
85,2021-02-20,2088.81,1.0
86,2021-02-22,2054.26,0.0
87,2021-02-23,2060.12,0.6666666666666666
88,2021-02-24,2083.81,0.125
89,2021-02-25,2015.95,0.6
90,2021-02-26,2021.91,0.1666666666666666
91,2021-02-27,2021.91,0.25
92,2021-03-01,2069.66,0.5
93,2021-03-02,2064.48,0.1666666666666666
94,2021-03-03,2011.41,0.2
95,2021-03-04,2033.93,0.0
96,2021-03-05,2097.07,0.25
97,2021-03-06,2097.07,0.0
98,2021-03-07,2097.07,0.0
99,2021-03-08,2007.5,0.375
100,2021-03-09,2040.36,0.375
101,2021-03-10,2036.19,0.4
102,2021-03-11,2100.54,0.2857142857142857
103,2021-03-12,2050.0,0.0
104,2021-03-13,2050.0,0.5
105,2021-03-15,2054.44,0.1666666666666666
106,2021-03-16,2083.89,0.1875
107,2021-03-17,2082.22,0.2307692307692307
108,2021-03-18,2021.34,0.40625
109,2021-03-19,2026.96,0.0909090909090909
110,2021-03-20,2026.96,0.5
111,2021-03-21,2026.96,0.4444444444444444
112,2021-03-22,2030.69,0.4137931034482758
113,2021-03-23,2041.33,0.2
114,2021-03-24,2032.53,0.064516129032258
115,2021-03-25,2032.46,0.1470588235294117
116,2021-03-26,2024.73,0.125
117,2021-03-27,2024.73,0.0
118,2021-03-28,2024.73,0.2857142857142857
119,2021-03-29,2045.79,0.2608695652173913
120,2021-03-30,2046.47,0.2647058823529412
121,2021-03-31,2062.52,0.2
122,2021-04-01,2129.78,0.2352941176470588
123,2021-04-02,2129.78,0.4
124,2021-04-03,2129.78,0.75
125,2021-04-04,2129.78,0.4
126,2021-04-05,2218.96,0.2564102564102564
127,2021-04-06,2209.26,0.4285714285714285
128,2021-04-07,2239.03,0.3
129,2021-04-08,2250.43,0.3125
130,2021-04-09,2270.67,0.4444444444444444
131,2021-04-10,2270.67,0.3333333333333333
132,2021-04-11,2270.67,0.3333333333333333
133,2021-04-12,2244.62,0.4545454545454545
134,2021-04-13,2254.43,0.0
135,2021-04-14,2241.91,0.1153846153846153
136,2021-04-15,2285.25,0.3
137,2021-04-16,2282.75,0.3333333333333333
138,2021-04-17,2282.75,0.4
139,2021-04-18,2282.75,0.0
140,2021-04-19,2289.76,0.2
141,2021-04-20,2279.01,0.0588235294117647
142,2021-04-21,2278.35,0.25
143,2021-04-22,2252.52,0.2
144,2021-04-23,2299.93,0.2962962962962963
145,2021-04-24,2299.93,0.75
146,2021-04-25,2299.93,0.6
147,2021-04-26,2309.93,0.2857142857142857
148,2021-04-27,2290.98,0.0925925925925925
149,2021-04-28,2359.04,0.2068965517241379
150,2021-04-29,2392.76,0.2068965517241379
151,2021-04-30,2353.5,0.2413793103448276
152,2021-05-01,2353.5,0.7777777777777778
153,2021-05-02,2353.5,0.4
154,2021-05-03,2343.08,0.3
155,2021-05-04,2306.83,0.4347826086956521
156,2021-05-05,2314.77,0.1052631578947368
157,2021-05-06,2337.35,0.2857142857142857
158,2021-05-07,2351.93,0.3888888888888889
159,2021-05-08,2351.93,0.5
160,2021-05-09,2351.93,0.3333333333333333
161,2021-05-10,2291.75,0.125
162,2021-05-11,2270.06,0.2142857142857142
163,2021-05-12,2200.25,0.4117647058823529
164,2021-05-13,2229.04,0.4117647058823529
165,2021-05-14,2278.38,0.2
166,2021-05-15,2278.38,0.6
167,2021-05-16,2278.38,0.3333333333333333
168,2021-05-17,2288.92,0.2857142857142857
169,2021-05-18,2262.47,0.3636363636363636
170,2021-05-19,2271.5,0.2916666666666667
171,2021-05-20,2306.95,0.6521739130434783
172,2021-05-21,2294.13,0.2105263157894736
173,2021-05-22,2294.13,0.4
174,2021-05-23,2294.13,0.0
175,2021-05-24,2361.04,0.4285714285714285
176,2021-05-25,2362.87,0.3548387096774194
177,2021-05-26,2380.31,0.3478260869565217
178,2021-05-27,2362.68,0.3076923076923077
179,2021-05-28,2356.85,0.25
180,2021-05-29,2356.85,0.5
181,2021-05-30,2356.85,0.5714285714285714
182,2021-05-31,2356.85,0.0
183,2021-06-01,2381.18,0.4210526315789473
184,2021-06-02,2370.59,0.2962962962962963
185,2021-06-03,2347.58,0.2272727272727272
186,2021-06-04,2393.57,0.32
187,2021-06-05,2393.57,0.2
188,2021-06-06,2393.57,0.6666666666666666
189,2021-06-07,2402.3,0.2903225806451613
190,2021-06-08,2398.44,0.2068965517241379
191,2021-06-09,2407.94,0.4347826086956521
192,2021-06-10,2435.13,0.2692307692307692
193,2021-06-11,2430.2,0.40625
194,2021-06-12,2430.2,0.4285714285714285
195,2021-06-13,2430.2,0.1428571428571428
196,2021-06-14,2448.91,0.2857142857142857
197,2021-06-15,2428.39,0.3333333333333333
198,2021-06-16,2415.45,-1.0
199,2021-06-17,2434.87,0.0
200,2021-06-18,2402.22,0.0
201,2021-06-19,2402.22,1.0
202,2021-06-20,2402.22,0.0
203,2021-06-21,2436.25,0.2
204,2021-06-22,2446.61,0.3333333333333333
205,2021-06-23,2442.54,0.0
206,2021-06-24,2450.0,0.0
207,2021-06-25,2450.17,0.25
208,2021-06-26,2450.17,0.0
209,2021-06-28,2450.72,0.0
210,2021-06-29,2445.45,-1.0
211,2021-06-30,2441.79,1.0
212,2021-07-01,2448.89,-1.0
213,2021-07-02,2505.15,-1.0
214,2021-07-06,2523.8,-1.0
215,2021-07-07,2529.48,-1.0
216,2021-07-08,2500.88,-1.0
217,2021-07-09,2510.37,-1.0
218,2021-07-12,2539.51,-1.0
219,2021-07-13,2546.83,-1.0
220,2021-07-14,2564.74,-1.0
221,2021-07-15,2540.1,-1.0
222,2021-07-16,2539.4,-1.0
223,2021-07-19,2491.56,-1.0
224,2021-07-20,2524.19,-1.0
225,2021-07-21,2550.98,-1.0
226,2021-07-22,2568.43,-1.0
227,2021-07-23,2660.3,-1.0
228,2021-07-26,2680.7,-1.0
229,2021-07-27,2638.0,-1.0
230,2021-07-28,2721.88,-1.0
231,2021-07-29,2715.55,-1.0
232,2021-07-30,2694.53,-1.0
233,2021-08-02,2697.09,-1.0
234,2021-08-03,2712.6,-1.0
235,2021-08-04,2702.51,-1.0
236,2021-08-05,2725.03,-1.0
237,2021-08-06,2714.77,-1.0
238,2021-08-09,2738.26,-1.0
239,2021-08-10,2736.14,-1.0
240,2021-08-11,2725.58,-1.0
241,2021-08-12,2743.88,-1.0
242,2021-08-13,2754.55,-1.0
243,2021-08-16,2766.19,-1.0
244,2021-08-17,2733.23,-1.0
245,2021-08-18,2708.98,-1.0
246,2021-08-19,2713.6,-1.0
247,2021-08-20,2748.59,-1.0
248,2021-08-23,2800.83,-1.0
249,2021-08-24,2825.23,-1.0
250,2021-08-25,2841.58,-1.0
251,2021-08-26,2828.81,-1.0
252,2021-08-27,2880.08,-1.0
253,2021-08-30,2891.81,-1.0
254,2021-08-31,2893.95,-1.0
255,2021-09-01,2904.31,-1.0
256,2021-09-02,2865.74,-1.0
257,2021-09-03,2874.79,-1.0
258,2021-09-07,2885.61,-1.0
259,2021-09-08,2873.82,-1.0
260,2021-09-09,2870.82,-1.0
261,2021-09-10,2817.52,-1.0
262,2021-09-13,2846.65,-1.0
263,2021-09-14,2850.89,-1.0
264,2021-09-15,2888.59,-1.0
265,2021-09-16,2872.2,-1.0
266,2021-09-17,2816.0,-1.0
267,2021-09-20,2774.39,-1.0
268,2021-09-21,2780.66,-1.0
269,2021-09-22,2805.67,-1.0
270,2021-09-23,2824.32,-1.0
271,2021-09-24,2844.3,-1.0
272,2021-09-27,2821.44,-1.0
273,2021-09-28,2716.6,-1.0
274,2021-09-29,2687.07,-1.0
275,2021-09-30,2673.52,-1.0
276,2021-10-01,2730.86,-1.0
277,2021-10-04,2673.19,-1.0
278,2021-10-05,2720.46,-1.0
279,2021-10-06,2751.3,-1.0
280,2021-10-07,2784.5,-1.0
281,2021-10-08,2795.71,-1.0
282,2021-10-11,2778.28,-1.0
283,2021-10-12,2728.98,-1.0
284,2021-10-13,2751.64,-1.0
285,2021-10-14,2823.02,-1.0
286,2021-10-15,2827.36,-1.0
287,2021-10-18,2855.56,-1.0
288,2021-10-19,2864.74,-1.0
289,2021-10-20,2835.38,-1.0
290,2021-10-21,2837.72,-1.0
291,2021-10-22,2751.33,-1.0
292,2021-10-25,2748.94,0.0
293,2021-10-26,2786.17,0.0
294,2021-10-27,2924.35,0.0
295,2021-10-28,2916.98,0.2592592592592592
296,2021-10-29,2960.92,0.1564625850340136
297,2021-10-30,2960.92,0.15
298,2021-10-31,2960.92,0.3333333333333333
299,2021-11-01,2869.94,-1.0
300,2021-11-02,2908.65,-1.0
301,2021-11-03,2931.96,-1.0
302,2021-11-04,2965.35,-1.0
303,2021-11-05,2977.04,-1.0
304,2021-11-08,2980.62,-1.0
305,2021-11-09,2978.37,0.5
306,2021-11-10,2917.87,0.3333333333333333
307,2021-11-11,2915.33,0.2857142857142857
308,2021-11-12,2973.56,0.6428571428571429
309,2021-11-13,2973.56,0.0
310,2021-11-14,2973.56,0.5
311,2021-11-15,2969.04,0.2222222222222222
312,2021-11-16,2957.52,0.1847826086956521
313,2021-11-17,2960.94,0.2222222222222222
314,2021-11-18,2996.77,0.2558139534883721
315,2021-11-19,2978.53,0.2333333333333333
316,2021-11-20,2978.53,0.5714285714285714
317,2021-11-21,2978.53,0.4
318,2021-11-22,2926.04,0.123076923076923
319,2021-11-23,2926.04,0.2
