date,AMZN,class_label,twitter_label
2020-11-02,3004.48,0.0,-1.0
2020-11-03,3048.41,-1.0,-1.0
2020-11-04,3241.16,-1.0,-1.0
2020-11-05,3322.0,1.0,-1.0
2020-11-06,3311.37,0.3333333333333333,-1.0
2020-11-07,3311.37,1.0,-1.0
2020-11-09,3143.74,0.25,-1.0
2020-11-10,3035.02,1.0,-1.0
2020-11-11,3137.39,0.0,-1.0
2020-11-12,3110.28,1.0,-1.0
2020-11-13,3128.81,0.0,-1.0
2020-11-16,3131.06,0.0,-1.0
2020-11-17,3135.66,-1.0,-1.0
2020-11-18,3105.46,-1.0,-1.0
2020-11-19,3117.02,0.6666666666666666,-1.0
2020-11-20,3099.4,-1.0,-1.0
2020-11-22,3099.4,1.0,-1.0
2020-11-23,3098.39,0.5,-1.0
2020-11-24,3118.06,0.5,-1.0
2020-11-25,3185.07,0.8,-1.0
2020-11-26,3185.07,-1.0,0.3529411764705882
2020-11-27,3195.34,-1.0,0.6666666666666666
2020-11-28,3195.34,-1.0,0.4285714285714285
2020-11-29,3195.34,-1.0,0.1428571428571428
2020-11-30,3168.04,-1.0,0.6666666666666666
2020-12-01,3220.08,0.0,0.7611940298507462
2020-12-02,3203.53,-1.0,0.6
2020-12-03,3186.73,0.5,0.3333333333333333
2020-12-04,3162.58,-1.0,0.5
2020-12-05,3162.58,1.0,0.3
2020-12-06,3162.58,0.0,0.3076923076923077
2020-12-07,3158.0,0.0,0.6111111111111112
2020-12-08,3177.29,1.0,0.5135135135135135
2020-12-09,3104.2,0.6666666666666666,0.5151515151515151
2020-12-10,3101.49,1.0,0.625
2020-12-11,3116.42,1.0,0.5454545454545454
2020-12-12,3116.42,-1.0,0.4666666666666667
2020-12-13,3116.42,-1.0,0.3333333333333333
2020-12-14,3156.97,0.0,0.6176470588235294
2020-12-15,3165.12,1.0,0.3947368421052631
2020-12-16,3240.96,0.3333333333333333,0.3548387096774194
2020-12-17,3236.08,0.5,0.4186046511627907
2020-12-18,3201.65,0.0,0.3829787234042553
2020-12-19,3201.65,-1.0,0.3333333333333333
2020-12-20,3201.65,1.0,0.2
2020-12-21,3206.18,0.0,0.6190476190476191
2020-12-22,3206.52,0.0,0.4
2020-12-23,3185.27,0.75,0.1707317073170731
2020-12-24,3172.69,0.5,0.3181818181818182
2020-12-25,3172.69,-1.0,0.1481481481481481
2020-12-26,3172.69,-1.0,0.5555555555555556
2020-12-27,3172.69,1.0,0.2222222222222222
2020-12-28,3283.96,0.3333333333333333,0.5789473684210527
2020-12-29,3322.0,0.5,0.4
2020-12-30,3285.85,-1.0,0.375
2020-12-31,3256.93,1.0,0.15
2021-01-01,3256.93,0.0,0.1666666666666666
2021-01-02,3256.93,-1.0,0.6956521739130435
2021-01-03,3256.93,-1.0,0.2857142857142857
2021-01-04,3186.63,0.0,0.4615384615384615
2021-01-05,3218.51,0.6666666666666666,0.2926829268292683
2021-01-06,3138.38,0.0,0.2857142857142857
2021-01-07,3162.16,0.0,0.1515151515151515
2021-01-08,3182.7,1.0,0.1428571428571428
2021-01-09,3182.7,0.0,0.3333333333333333
2021-01-10,3182.7,0.0,0.0458715596330275
2021-01-11,3114.21,0.0,0.2198581560283688
2021-01-12,3120.83,0.0,0.0697674418604651
2021-01-13,3165.89,0.0,0.2156862745098039
2021-01-14,3127.47,0.6666666666666666,0.2368421052631578
2021-01-15,3104.25,0.6666666666666666,0.6923076923076923
2021-01-16,3104.25,0.0,0.0666666666666666
2021-01-17,3104.25,-1.0,0.2727272727272727
2021-01-18,3104.25,1.0,0.625
2021-01-19,3120.76,0.6,0.4761904761904761
2021-01-20,3263.38,1.0,0.4516129032258064
2021-01-21,3306.99,0.5,0.3255813953488372
2021-01-22,3292.23,0.3333333333333333,0.1052631578947368
2021-01-23,3292.23,-1.0,0.2307692307692307
2021-01-24,3292.23,0.3333333333333333,0.3888888888888889
2021-01-25,3294.0,0.3333333333333333,0.625
2021-01-26,3326.13,0.3333333333333333,0.0958904109589041
2021-01-27,3232.58,0.6,0.65625
2021-01-28,3237.62,0.0,0.15625
2021-01-29,3206.2,0.8,0.15625
2021-01-30,3206.2,1.0,0.4583333333333333
2021-01-31,3206.2,0.0,0.1666666666666666
2021-02-01,3342.88,1.0,0.1521739130434782
2021-02-02,3380.0,0.5,0.3179190751445087
2021-02-03,3312.53,0.4444444444444444,0.271551724137931
2021-02-04,3331.0,0.8333333333333334,0.2625
2021-02-05,3352.15,0.5,0.1621621621621621
2021-02-06,3352.15,0.5,0.5882352941176471
2021-02-07,3352.15,-1.0,0.3529411764705882
2021-02-08,3322.94,0.5454545454545454,0.3076923076923077
2021-02-09,3305.0,0.6,0.475
2021-02-10,3286.58,0.25,0.3703703703703703
2021-02-11,3262.13,0.75,0.3333333333333333
2021-02-12,3277.71,0.5,0.2142857142857142
2021-02-13,3277.71,1.0,0.4285714285714285
2021-02-14,3277.71,1.0,0.3333333333333333
2021-02-15,3277.71,1.0,0.1666666666666666
2021-02-16,3268.95,1.0,0.2272727272727272
2021-02-17,3308.64,0.5,0.1428571428571428
2021-02-18,3328.23,0.375,0.4615384615384615
2021-02-19,3249.9,0.6666666666666666,0.3225806451612903
2021-02-20,3249.9,1.0,0.4615384615384615
2021-02-21,3249.9,0.75,0.6
2021-02-22,3180.74,0.3,0.5384615384615384
2021-02-23,3194.5,0.6,0.3333333333333333
2021-02-24,3159.53,0.25,0.8409090909090909
2021-02-25,3057.16,0.5555555555555556,0.3043478260869565
2021-02-26,3092.93,0.4210526315789473,0.5909090909090909
2021-02-27,3092.93,0.8,0.6666666666666666
2021-02-28,3092.93,1.0,0.1666666666666666
2021-03-01,3146.14,0.4166666666666667,0.3461538461538461
2021-03-02,3094.53,0.6,0.4117647058823529
2021-03-03,3005.0,0.4444444444444444,0.375
2021-03-04,2977.57,0.4285714285714285,0.5510204081632653
2021-03-05,3000.46,0.4210526315789473,0.5576923076923077
2021-03-06,3000.46,0.5,0.6666666666666666
2021-03-07,3000.46,0.0,0.6923076923076923
2021-03-08,2951.95,0.5333333333333333,0.5882352941176471
2021-03-09,3062.85,0.5454545454545454,0.4166666666666667
2021-03-10,3057.64,0.5384615384615384,0.2142857142857142
2021-03-11,3113.59,0.3333333333333333,0.4090909090909091
2021-03-12,3089.49,0.6,0.3928571428571428
2021-03-13,3089.49,0.625,0.1818181818181818
2021-03-14,3089.49,0.8333333333333334,0.0769230769230769
2021-03-15,3081.68,0.8125,0.28
2021-03-16,3091.86,0.3043478260869565,0.0
2021-03-17,3135.73,0.625,0.6888888888888889
2021-03-18,3027.99,0.5185185185185185,0.2631578947368421
2021-03-19,3074.96,0.625,0.3928571428571428
2021-03-20,3074.96,0.3333333333333333,0.2692307692307692
2021-03-21,3074.96,0.5714285714285714,0.2727272727272727
2021-03-22,3110.87,0.3333333333333333,0.4
2021-03-23,3137.5,0.5333333333333333,0.2916666666666667
2021-03-24,3087.07,0.4444444444444444,0.6071428571428571
2021-03-25,3046.26,0.3333333333333333,0.5625
2021-03-26,3052.03,0.4347826086956521,0.1428571428571428
2021-03-27,3052.03,0.5384615384615384,0.2222222222222222
2021-03-28,3052.03,0.4285714285714285,0.4444444444444444
2021-03-29,3075.73,0.3793103448275862,0.3076923076923077
2021-03-30,3055.29,0.4814814814814814,0.52
2021-03-31,3094.08,0.4,0.3
2021-04-01,3161.0,0.3478260869565217,0.4444444444444444
2021-04-02,3161.0,0.4210526315789473,0.6
2021-04-03,3161.0,0.3333333333333333,0.2
2021-04-04,3161.0,0.5714285714285714,0.2222222222222222
2021-04-05,3226.73,0.3,0.6666666666666666
2021-04-06,3223.82,0.3947368421052631,0.5
2021-04-07,3279.39,0.5185185185185185,0.5
2021-04-08,3299.3,0.5476190476190477,0.4814814814814814
2021-04-09,3372.2,0.3269230769230769,0.3076923076923077
2021-04-10,3372.2,0.375,0.5
2021-04-11,3372.2,0.4615384615384615,0.25
2021-04-12,3379.39,0.5652173913043478,0.4615384615384615
2021-04-13,3400.0,0.2307692307692307,0.4375
2021-04-14,3333.0,0.5714285714285714,0.125
2021-04-15,3379.09,0.3888888888888889,0.3333333333333333
2021-04-16,3399.44,0.4615384615384615,0.1710526315789473
2021-04-17,3399.44,0.4375,0.3611111111111111
2021-04-18,3399.44,0.25,0.2857142857142857
2021-04-19,3372.01,0.5675675675675675,0.4
2021-04-20,3334.69,0.3461538461538461,0.2727272727272727
2021-04-21,3362.02,0.4871794871794871,0.631578947368421
2021-04-22,3309.04,0.3703703703703703,0.4666666666666667
2021-04-23,3340.88,0.3076923076923077,0.4
2021-04-24,3340.88,0.6,0.75
2021-04-25,3340.88,0.6666666666666666,0.7777777777777778
2021-04-26,3409.0,0.6785714285714286,0.3863636363636363
2021-04-27,3417.43,0.53125,0.1818181818181818
2021-04-28,3458.5,0.3529411764705882,0.2631578947368421
2021-04-29,3471.31,0.5138888888888888,0.3243243243243243
2021-04-30,3467.42,0.430379746835443,0.3412698412698413
2021-05-01,3467.42,0.6875,0.24
2021-05-02,3467.42,0.2222222222222222,0.2352941176470588
2021-05-03,3386.49,0.6,0.0909090909090909
2021-05-04,3311.87,0.5517241379310345,0.2727272727272727
2021-05-05,3270.54,0.6521739130434783,0.2448979591836734
2021-05-06,3306.37,0.6,0.3829787234042553
2021-05-07,3291.61,0.4193548387096774,0.2352941176470588
2021-05-08,3291.61,0.6666666666666666,0.75
2021-05-09,3291.61,0.3333333333333333,0.2142857142857142
2021-05-10,3190.49,0.3181818181818182,0.2195121951219512
2021-05-11,3223.91,0.375,0.2333333333333333
2021-05-12,3151.94,0.5806451612903226,0.3448275862068966
2021-05-13,3161.47,0.7037037037037037,0.2222222222222222
2021-05-14,3222.9,0.5714285714285714,0.4
2021-05-15,3222.9,0.5,0.125
2021-05-16,3222.9,0.5,0.2307692307692307
2021-05-17,3270.39,0.5,0.3333333333333333
2021-05-18,3232.28,0.4285714285714285,0.4782608695652174
2021-05-19,3231.8,0.2857142857142857,0.2264150943396226
2021-05-20,3247.68,0.5862068965517241,0.3636363636363636
2021-05-21,3203.08,0.5714285714285714,0.25
2021-05-22,3203.08,0.6,0.1714285714285714
2021-05-23,3203.08,0.5,0.5555555555555556
2021-05-24,3244.99,0.5555555555555556,0.1
2021-05-25,3259.05,0.4222222222222222,0.4285714285714285
2021-05-26,3265.16,0.4929577464788732,0.525
2021-05-27,3230.11,0.4193548387096774,0.4
2021-05-28,3223.07,0.6538461538461539,0.3076923076923077
2021-05-29,3223.07,0.4166666666666667,0.1
2021-05-30,3223.07,0.6666666666666666,0.1111111111111111
2021-05-31,3223.07,1.0,0.3571428571428571
2021-06-01,3218.65,0.6060606060606061,0.1724137931034483
2021-06-02,3233.99,0.425,0.3666666666666666
2021-06-03,3187.01,0.56,0.3255813953488372
2021-06-04,3206.22,0.5405405405405406,0.2424242424242424
2021-06-05,3206.22,0.3333333333333333,0.3076923076923077
2021-06-06,3206.22,0.4166666666666667,0.6875
2021-06-07,3198.01,0.35,0.4285714285714285
2021-06-08,3264.11,0.4634146341463415,0.52
2021-06-09,3281.15,0.4166666666666667,0.1551724137931034
2021-06-10,3349.65,0.3478260869565217,0.3461538461538461
2021-06-11,3346.83,0.509090909090909,0.3333333333333333
2021-06-12,3346.83,0.3333333333333333,0.25
2021-06-13,3346.83,0.6666666666666666,0.5625
2021-06-14,3383.87,0.7272727272727273,0.4583333333333333
2021-06-15,3383.13,0.4545454545454545,0.5454545454545454
2021-06-16,3415.25,0.6190476190476191,0.3928571428571428
2021-06-17,3489.24,0.5128205128205128,0.1428571428571428
2021-06-18,3486.9,0.6129032258064516,0.2758620689655172
2021-06-19,3486.9,0.6923076923076923,0.1458333333333333
2021-06-20,3486.9,0.3076923076923077,0.1379310344827586
2021-06-21,3453.96,0.5432098765432098,0.5
2021-06-22,3505.44,0.5,0.6785714285714286
2021-06-23,3503.82,0.6909090909090909,0.3888888888888889
2021-06-24,3449.08,0.559322033898305,0.4285714285714285
2021-06-25,3401.46,0.4,0.4375
2021-06-26,3401.46,0.8125,0.3333333333333333
2021-06-27,3401.46,0.2857142857142857,0.25
2021-06-28,3443.89,0.5357142857142857,0.4736842105263157
2021-06-29,3448.14,0.4,0.1714285714285714
2021-06-30,3440.16,0.3823529411764705,0.2264150943396226
2021-07-01,3432.97,0.625,0.1147540983606557
2021-07-02,3510.98,0.5714285714285714,0.125
2021-07-03,3510.98,0.5555555555555556,0.6567164179104478
2021-07-04,3510.98,1.0,0.4444444444444444
2021-07-05,3510.98,0.4166666666666667,0.1351351351351351
2021-07-06,3675.74,0.2777777777777778,0.3076923076923077
2021-07-07,3696.58,0.5277777777777778,0.3205128205128205
2021-07-08,3731.41,0.6666666666666666,0.073170731707317
2021-07-09,3719.34,0.6551724137931034,0.225
2021-07-10,3719.34,0.3333333333333333,0.6153846153846154
2021-07-11,3719.34,1.0,0.8518518518518519
2021-07-12,3718.55,0.5588235294117647,0.4838709677419355
2021-07-13,3677.36,0.6785714285714286,0.2857142857142857
2021-07-14,3681.68,0.4545454545454545,0.4285714285714285
2021-07-15,3631.2,0.75,0.3157894736842105
2021-07-16,3573.63,0.3333333333333333,0.5
2021-07-17,3573.63,0.375,0.1111111111111111
2021-07-18,3573.63,0.4166666666666667,0.25
2021-07-19,3549.59,0.5263157894736842,0.5217391304347826
2021-07-20,3573.19,0.6341463414634146,0.3823529411764705
2021-07-21,3585.2,0.5625,0.2608695652173913
2021-07-22,3638.03,0.5238095238095238,0.425
2021-07-23,3656.64,0.5,0.4736842105263157
2021-07-24,3656.64,0.5,0.1666666666666666
2021-07-25,3656.64,0.8,0.0952380952380952
2021-07-26,3699.82,0.3170731707317073,0.71875
2021-07-27,3626.39,0.2608695652173913,0.4102564102564102
2021-07-28,3630.32,0.5517241379310345,0.2545454545454545
2021-07-29,3599.92,0.3488372093023256,0.174757281553398
2021-07-30,3327.59,0.2647058823529412,0.1574074074074074
2021-07-31,3327.59,0.5294117647058824,0.25
2021-08-01,3327.59,0.4285714285714285,0.4807692307692308
2021-08-02,3331.48,0.4285714285714285,0.2962962962962963
2021-08-03,3366.24,0.3478260869565217,0.4230769230769231
2021-08-04,3354.72,0.36,0.2692307692307692
2021-08-05,3375.99,0.5263157894736842,0.4285714285714285
2021-08-06,3344.94,0.4444444444444444,0.4285714285714285
2021-08-07,3344.94,0.6153846153846154,0.4444444444444444
2021-08-08,3344.94,0.25,0.25
2021-08-09,3341.87,0.3478260869565217,0.1714285714285714
2021-08-10,3320.68,0.5263157894736842,0.2903225806451613
2021-08-11,3292.11,0.5263157894736842,0.4074074074074074
2021-08-12,3303.5,0.5833333333333334,0.2222222222222222
2021-08-13,3293.97,0.7142857142857143,0.1578947368421052
2021-08-14,3293.97,0.3333333333333333,0.1034482758620689
2021-08-15,3293.97,0.5,0.2941176470588235
2021-08-16,3298.99,0.4444444444444444,0.25
2021-08-17,3241.96,0.2,0.25
2021-08-18,3201.22,0.4210526315789473,0.2162162162162162
2021-08-19,3187.75,0.3658536585365853,0.325
2021-08-20,3199.95,0.6,0.32
2021-08-21,3199.95,0.4615384615384615,0.5625
2021-08-22,3199.95,0.5714285714285714,0.3478260869565217
2021-08-23,3265.87,0.5,0.391304347826087
2021-08-24,3305.78,0.3529411764705882,0.6071428571428571
2021-08-25,3299.18,0.7741935483870968,0.3846153846153846
2021-08-26,3316.0,0.6,0.275
2021-08-27,3349.63,0.44,0.2352941176470588
2021-08-28,3349.63,0.4444444444444444,0.3076923076923077
2021-08-29,3349.63,0.25,0.25
2021-08-30,3421.57,0.48,0.4285714285714285
2021-08-31,3470.79,0.4736842105263157,0.1818181818181818
2021-09-01,3479.0,0.6976744186046512,0.3191489361702128
2021-09-02,3463.12,0.4482758620689655,0.2741935483870967
2021-09-03,3478.05,0.5925925925925926,0.3111111111111111
2021-09-04,3478.05,0.25,0.1904761904761904
2021-09-05,3478.05,0.7142857142857143,0.8461538461538461
2021-09-06,3478.05,0.6,0.2222222222222222
2021-09-07,3509.29,0.8181818181818182,0.3076923076923077
2021-09-08,3525.5,0.4615384615384615,0.6071428571428571
2021-09-09,3484.16,0.55,0.2244897959183673
2021-09-10,3469.15,0.5862068965517241,0.3928571428571428
2021-09-11,3469.15,0.6363636363636364,0.3
2021-09-12,3469.15,0.75,0.3
2021-09-13,3457.17,0.4583333333333333,0.2941176470588235
2021-09-14,3450.0,0.5277777777777778,0.75
2021-09-15,3475.79,0.4848484848484848,0.4444444444444444
2021-09-16,3488.24,0.5,0.6
2021-09-17,3462.52,0.4705882352941176,0.4
2021-09-18,3462.52,0.625,0.2
2021-09-19,3462.52,0.75,0.7666666666666667
2021-09-20,3355.73,0.5652173913043478,0.375
2021-09-21,3343.63,0.4878048780487805,0.375
2021-09-22,3380.05,0.6666666666666666,0.2608695652173913
2021-09-23,3416.0,0.6,0.4054054054054054
2021-09-24,3425.52,0.6363636363636364,0.4705882352941176
2021-09-25,3425.52,0.5833333333333334,0.6296296296296297
2021-09-26,3425.52,0.5833333333333334,0.7
2021-09-27,3405.8,0.4615384615384615,0.5333333333333333
2021-09-28,3315.96,0.625,0.5833333333333334
2021-09-29,3301.12,0.5,0.2307692307692307
2021-09-30,3285.04,0.2413793103448276,0.8043478260869565
2021-10-01,3283.26,0.375,0.3023255813953488
2021-10-02,3283.26,0.6363636363636364,0.1176470588235294
2021-10-03,3283.26,0.6,0.1470588235294117
2021-10-04,3189.78,0.35,0.2127659574468085
2021-10-05,3221.0,0.4848484848484848,0.46875
2021-10-06,3262.01,0.45,0.3181818181818182
2021-10-07,3302.43,0.5,0.1428571428571428
2021-10-08,3288.62,0.5333333333333333,0.4615384615384615
2021-10-09,3288.62,0.625,0.5
2021-10-10,3288.62,1.0,0.4
2021-10-11,3246.3,0.5909090909090909,0.4
2021-10-12,3247.33,0.4444444444444444,0.625
2021-10-13,3284.28,0.6875,0.4230769230769231
2021-10-14,3299.86,0.4,0.625
2021-10-15,3409.02,0.5909090909090909,0.1176470588235294
2021-10-16,3409.02,0.7,0.375
2021-10-17,3409.02,0.3333333333333333,0.5
2021-10-18,3446.74,0.6666666666666666,0.4242424242424242
2021-10-19,3444.15,0.6,0.45
2021-10-20,3415.06,0.5,0.6
2021-10-21,3435.01,0.3863636363636363,0.4117647058823529
2021-10-22,3335.55,0.4074074074074074,0.4375
2021-10-23,3335.55,0.7777777777777778,0.68
2021-10-24,3335.55,0.6363636363636364,0.8666666666666667
2021-10-25,3320.37,0.6052631578947368,0.3720930232558139
2021-10-26,3376.07,0.5,0.24
2021-10-27,3392.49,0.6060606060606061,0.2307692307692307
2021-10-28,3446.57,0.4563106796116505,0.1111111111111111
2021-10-29,3372.43,0.3496932515337423,0.2098765432098765
2021-10-30,3372.43,0.2962962962962963,0.6
2021-10-31,3372.43,0.375,0.25
2021-11-01,3318.11,0.53125,0.0482758620689655
2021-11-02,3312.75,0.3636363636363636,0.0606060606060606
2021-11-03,3384.0,0.7727272727272727,0.6428571428571429
2021-11-04,3477.0,0.5172413793103449,0.25
2021-11-05,3518.99,0.5454545454545454,0.3571428571428571
2021-11-06,3518.99,0.1,0.0
2021-11-07,3518.99,1.0,0.484375
2021-11-08,3488.98,0.5,0.1489361702127659
2021-11-09,3576.23,0.4864864864864865,0.2857142857142857
2021-11-10,3482.05,0.4814814814814814,0.4210526315789473
2021-11-11,3472.5,0.56,0.25
2021-11-12,3525.15,0.5675675675675675,0.2857142857142857
2021-11-13,3525.15,0.3571428571428571,0.3333333333333333
2021-11-14,3525.15,0.8888888888888888,0.2857142857142857
2021-11-15,3545.68,0.4673913043478261,0.5384615384615384
2021-11-16,3540.7,0.4358974358974359,0.68
2021-11-17,3549.0,0.3949579831932773,0.2068965517241379
2021-11-18,3696.06,0.4175824175824176,0.4693877551020408
2021-11-19,3676.57,0.4880952380952381,0.46
2021-11-20,3676.57,0.5294117647058824,0.2916666666666667
2021-11-21,3676.57,0.5,0.6
2021-11-22,3572.57,0.3947368421052631,0.4634146341463415
2021-11-23,3572.57,0.2941176470588235,0.3114754098360656
2021-11-24,3572.57,-1.0,0.4594594594594595
2021-11-25,3572.57,-1.0,0.5625
