,date,AAPL,news_label,twitter_label
266,2020-11-02,0.0,0.3333333333333333,-1.0
265,2020-11-03,0.03196172248803819,0.0,-1.0
261,2020-11-09,0.14449760765550224,0.0,-1.0
260,2020-11-10,0.13779904306220114,1.0,-1.0
259,2020-11-11,0.20516746411483266,0.0,-1.0
257,2020-11-13,0.2007655502392347,0.0,-1.0
5552,2020-11-14,0.1489952153110048,0.0,-1.0
251,2020-11-23,0.09722488038277488,0.0,-1.0
249,2020-11-25,0.1389473684210527,0.5,-1.0
5553,2020-11-28,0.20296650717703368,1.0,0.4285714285714285
246,2020-12-01,0.2669856459330142,0.0,0.7611940298507462
243,2020-12-04,0.25799043062200955,0.0,0.5
5554,2020-12-05,0.26755980861244,0.5,0.3
5555,2020-12-06,0.2771291866028709,0.0,0.3076923076923077
242,2020-12-07,0.28669856459330134,0.6666666666666666,0.6111111111111112
240,2020-12-09,0.24899521531100488,1.0,0.5151515151515151
239,2020-12-10,0.27693779904306215,0.0,0.625
238,2020-12-11,0.2610526315789472,0.0,0.5454545454545454
237,2020-12-14,0.24899521531100488,0.0,0.6176470588235294
236,2020-12-15,0.36574162679425815,0.2,0.3947368421052631
235,2020-12-16,0.3644019138755983,0.0,0.3548387096774194
234,2020-12-17,0.38143540669856435,0.0,0.4186046511627907
5556,2020-12-19,0.3769377990430618,0.0,0.3333333333333333
232,2020-12-21,0.3724401913875597,0.0,0.6190476190476191
231,2020-12-22,0.4422966507177031,0.0,0.4
230,2020-12-23,0.4246889952153112,0.6666666666666666,0.1707317073170731
229,2020-12-24,0.44401913875598087,0.0,0.3181818181818182
228,2020-12-28,0.5343540669856459,0.6,0.5789473684210527
227,2020-12-29,0.49952153110047837,1.0,0.4
226,2020-12-30,0.4775119617224881,0.6666666666666666,0.375
224,2021-01-04,0.39502392344497617,0.0,0.4615384615384615
223,2021-01-05,0.42564593301435405,0.0,0.2926829268292683
222,2021-01-06,0.341244019138756,0.0,0.2857142857142857
221,2021-01-07,0.42392344497607626,0.0,0.1515151515151515
220,2021-01-08,0.4455502392344499,0.25,0.1428571428571428
5557,2021-01-09,0.4144497607655504,0.0,0.3333333333333333
218,2021-01-12,0.3833492822966509,0.0,0.0697674418604651
217,2021-01-13,0.4233492822966505,0.2,0.2156862745098039
216,2021-01-14,0.38545454545454527,0.5,0.2368421052631578
215,2021-01-15,0.351578947368421,0.3333333333333333,0.6923076923076923
5558,2021-01-16,0.3559808612440194,0.0,0.0666666666666666
5559,2021-01-18,0.3603827751196169,0.0,0.625
214,2021-01-19,0.3647846889952153,0.3333333333333333,0.4761904761904761
213,2021-01-20,0.44516746411483243,1.0,0.4516129032258064
212,2021-01-21,0.537799043062201,0.3333333333333333,0.3255813953488372
211,2021-01-22,0.5799043062200955,0.0,0.1052631578947368
5560,2021-01-24,0.6167464114832537,0.3333333333333333,0.3888888888888889
210,2021-01-25,0.653588516746411,0.0,0.625
209,2021-01-26,0.6581818181818182,0.5,0.0958904109589041
208,2021-01-27,0.6371291866028708,0.25,0.65625
207,2021-01-28,0.5420095693779903,0.0,0.15625
206,2021-01-29,0.44382775119617257,0.3333333333333333,0.15625
205,2021-02-01,0.4855502392344495,0.0,0.1521739130434782
204,2021-02-02,0.5018181818181819,0.25,0.3179190751445087
203,2021-02-03,0.48172248803827733,0.5,0.271551724137931
202,2021-02-04,0.5477511961722485,0.75,0.2625
201,2021-02-05,0.5356937799043062,0.0,0.1621621621621621
5561,2021-02-07,0.5371291866028702,0.5,0.3529411764705882
200,2021-02-08,0.5385645933014351,0.3,0.3076923076923077
199,2021-02-09,0.5213397129186599,0.0,0.475
198,2021-02-10,0.5094736842105259,0.6666666666666666,0.3703703703703703
197,2021-02-11,0.5044976076555021,0.4,0.3333333333333333
196,2021-02-12,0.5090909090909093,0.0,0.2142857142857142
5562,2021-02-13,0.49866028708133925,0.6666666666666666,0.4285714285714285
5563,2021-02-14,0.4882296650717701,1.0,0.3333333333333333
5564,2021-02-15,0.477799043062201,0.0,0.1666666666666666
195,2021-02-16,0.46736842105263143,0.0,0.2272727272727272
194,2021-02-17,0.42239234449760765,0.0,0.1428571428571428
193,2021-02-18,0.40076555023923444,0.0,0.4615384615384615
192,2021-02-19,0.40382775119617254,0.4444444444444444,0.3225806451612903
5565,2021-02-20,0.37913875598086166,0.5,0.4615384615384615
5566,2021-02-21,0.35444976076555035,1.0,0.6
191,2021-02-22,0.32976076555023903,0.1428571428571428,0.5384615384615384
190,2021-02-23,0.32708133971291886,0.6,0.3333333333333333
189,2021-02-24,0.3173205741626792,0.6666666666666666,0.8409090909090909
188,2021-02-25,0.23387559808612446,0.25,0.3043478260869565
187,2021-02-26,0.23904306220095695,0.2857142857142857,0.5909090909090909
5567,2021-02-27,0.30153110047846887,0.3333333333333333,0.6666666666666666
186,2021-03-01,0.3640191387559808,0.1428571428571428,0.3461538461538461
185,2021-03-02,0.31291866028708126,0.0,0.4117647058823529
184,2021-03-03,0.2543540669856461,0.4,0.375
183,2021-03-04,0.21741626794258373,0.1818181818181818,0.5510204081632653
182,2021-03-05,0.2421052631578946,0.3846153846153846,0.5576923076923077
5568,2021-03-06,0.2098245614035088,0.0,0.6666666666666666
5569,2021-03-07,0.177543859649123,0.5,0.6923076923076923
181,2021-03-08,0.14526315789473676,0.2222222222222222,0.5882352941176471
180,2021-03-09,0.23569377990430596,0.3846153846153846,0.4166666666666667
179,2021-03-10,0.21454545454545482,0.4666666666666667,0.2142857142857142
178,2021-03-11,0.2524401913875596,0.5454545454545454,0.4090909090909091
177,2021-03-12,0.23464114832535898,0.125,0.3928571428571428
5570,2021-03-13,0.25352472089314215,0.3333333333333333,0.1818181818181818
5571,2021-03-14,0.2724082934609249,0.5,0.0769230769230769
176,2021-03-15,0.29129186602870805,0.3333333333333333,0.28
175,2021-03-16,0.3215311004784689,0.2307692307692307,0.0
174,2021-03-17,0.3060287081339714,0.0416666666666666,0.6888888888888889
173,2021-03-18,0.2250717703349281,0.4375,0.2631578947368421
172,2021-03-19,0.21473684210526311,0.1904761904761904,0.3928571428571428
5572,2021-03-20,0.23642743221690576,0.2142857142857142,0.2692307692307692
5573,2021-03-21,0.2581180223285484,0.4285714285714285,0.2727272727272727
171,2021-03-22,0.2798086124401915,0.2,0.4
170,2021-03-23,0.2635406698564595,0.1764705882352941,0.2916666666666667
169,2021-03-24,0.2166507177033492,0.4444444444444444,0.6071428571428571
168,2021-03-25,0.2262200956937801,0.375,0.5625
167,2021-03-26,0.23808612440191368,0.2083333333333333,0.1428571428571428
5574,2021-03-27,0.2392344497607657,0.3333333333333333,0.2222222222222222
5575,2021-03-28,0.24038277511961725,0.1666666666666666,0.4444444444444444
166,2021-03-29,0.24153110047846882,0.2857142857142857,0.3076923076923077
165,2021-03-30,0.21301435406698577,0.3243243243243243,0.52
164,2021-03-31,0.25607655502392346,0.2391304347826087,0.3
163,2021-04-01,0.27234449760765544,0.0952380952380952,0.4444444444444444
5576,2021-04-02,0.2862200956937797,0.3846153846153846,0.6
5577,2021-04-03,0.3000956937799044,0.0,0.2
5578,2021-04-04,0.3139712918660291,0.3333333333333333,0.2222222222222222
162,2021-04-05,0.3278468899521534,0.238095238095238,0.6666666666666666
161,2021-04-06,0.33377990430621995,0.5,0.5
160,2021-04-07,0.36612440191387563,0.2857142857142857,0.5
159,2021-04-08,0.4132057416267947,0.2195121951219512,0.4814814814814814
158,2021-04-09,0.46363636363636385,0.5,0.3076923076923077
5579,2021-04-10,0.45244019138755975,0.5,0.5
5580,2021-04-11,0.4412440191387561,0.0,0.25
157,2021-04-12,0.43004784688995246,0.1739130434782608,0.4615384615384615
156,2021-04-13,0.4911004784688995,0.1739130434782608,0.4375
155,2021-04-14,0.44516746411483243,0.1363636363636363,0.125
154,2021-04-15,0.4924401913875598,0.3529411764705882,0.3333333333333333
153,2021-04-16,0.485933014354067,0.2777777777777778,0.1710526315789473
5581,2021-04-17,0.4902711323763951,0.3333333333333333,0.3611111111111111
5582,2021-04-18,0.49460925039872405,0.1666666666666666,0.2857142857142857
152,2021-04-19,0.4989473684210526,0.3076923076923077,0.4
151,2021-04-20,0.4658373205741628,0.4310344827586206,0.2727272727272727
150,2021-04-21,0.47330143540669845,0.25,0.631578947368421
149,2021-04-22,0.4434449760765551,0.1739130434782608,0.4666666666666667
148,2021-04-23,0.48899521531100465,0.3125,0.4
5583,2021-04-24,0.49154704944178595,0.5714285714285714,0.75
5584,2021-04-25,0.4940988835725677,0.6,0.7777777777777778
147,2021-04-26,0.496650717703349,0.2765957446808511,0.3863636363636363
146,2021-04-27,0.49033492822966496,0.2727272727272727,0.1818181818181818
145,2021-04-28,0.4748325358851675,0.1688311688311688,0.2631578947368421
144,2021-04-29,0.47291866028708096,0.1875,0.3243243243243243
143,2021-04-30,0.4342583732057417,0.24,0.3412698412698413
5585,2021-05-01,0.4411483253588515,0.5245901639344263,0.24
5586,2021-05-02,0.4480382775119618,0.0833333333333333,0.2352941176470588
142,2021-05-03,0.4549282296650716,0.2826086956521739,0.0909090909090909
141,2021-05-04,0.36516746411483236,0.3571428571428571,0.2727272727272727
140,2021-05-05,0.3699521531100478,0.3157894736842105,0.2448979591836734
139,2021-05-06,0.40133971291866066,0.1304347826086956,0.3829787234042553
138,2021-05-07,0.41033492822966533,0.4736842105263157,0.2352941176470588
5587,2021-05-08,0.3888995215311004,0.1666666666666666,0.75
5588,2021-05-09,0.36746411483253594,0.6666666666666666,0.2142857142857142
137,2021-05-10,0.346028708133971,0.2941176470588235,0.2195121951219512
136,2021-05-11,0.3280382775119617,0.125,0.2333333333333333
135,2021-05-12,0.2679425837320575,0.1739130434782608,0.3448275862068966
134,2021-05-13,0.31004784688995235,0.2857142857142857,0.2222222222222222
133,2021-05-14,0.357511961722488,0.1904761904761904,0.4
5589,2021-05-15,0.3499840510366825,0.2857142857142857,0.125
5590,2021-05-16,0.342456140350877,0.0,0.2307692307692307
132,2021-05-17,0.3349282296650715,0.2857142857142857,0.3333333333333333
131,2021-05-18,0.3077511961722488,0.44,0.4782608695652174
130,2021-05-19,0.3046889952153111,0.4074074074074074,0.2264150943396226
129,2021-05-20,0.3548325358851674,0.5454545454545454,0.3636363636363636
128,2021-05-21,0.3188516746411483,0.3611111111111111,0.25
5591,2021-05-22,0.32950558213716086,0.2,0.1714285714285714
5592,2021-05-23,0.3401594896331739,0.0,0.5555555555555556
127,2021-05-24,0.35081339712918647,0.4,0.1
126,2021-05-25,0.3469856459330143,0.2727272727272727,0.4285714285714285
125,2021-05-26,0.346028708133971,0.4166666666666667,0.525
124,2021-05-27,0.31598086124401936,0.3846153846153846,0.4
123,2021-05-28,0.30315789473684207,0.3125,0.3076923076923077
5593,2021-05-30,0.30105263157894724,0.3333333333333333,0.1111111111111111
5594,2021-05-31,0.29894736842105285,0.0,0.3571428571428571
122,2021-06-01,0.296842105263158,0.2857142857142857,0.1724137931034483
121,2021-06-02,0.3117703349282297,0.391304347826087,0.3666666666666666
120,2021-06-03,0.28267942583732086,0.0833333333333333,0.3255813953488372
119,2021-06-04,0.32765550239234464,0.3333333333333333,0.2424242424242424
5595,2021-06-05,0.3277192982456141,0.75,0.3076923076923077
5596,2021-06-06,0.32778309409888395,0.4,0.6875
118,2021-06-07,0.3278468899521534,0.3728813559322034,0.4285714285714285
117,2021-06-08,0.34392344497607663,0.3225806451612903,0.52
116,2021-06-09,0.35138755980861225,0.4210526315789473,0.1551724137931034
115,2021-06-10,0.33186602870813386,0.4444444444444444,0.3461538461538461
114,2021-06-11,0.3555980861244019,0.3846153846153846,0.3333333333333333
5597,2021-06-12,0.37556618819776677,0.25,0.25
5598,2021-06-13,0.3955342902711325,0.2857142857142857,0.5625
113,2021-06-14,0.4155023923444974,0.3214285714285714,0.4583333333333333
112,2021-06-15,0.3994258373205737,0.2758620689655172,0.5454545454545454
111,2021-06-16,0.4091866028708133,0.2222222222222222,0.3928571428571428
110,2021-06-17,0.44057416267942573,0.4666666666666667,0.1428571428571428
109,2021-06-18,0.41511961722488033,0.3157894736842105,0.2758620689655172
5599,2021-06-19,0.4268580542264755,1.0,0.1458333333333333
5600,2021-06-20,0.4385964912280702,0.25,0.1379310344827586
108,2021-06-21,0.45033492822966537,0.25,0.5
107,2021-06-22,0.48248803827751185,0.5294117647058824,0.6785714285714286
106,2021-06-23,0.4771291866028706,0.2307692307692307,0.3888888888888889
105,2021-06-24,0.4715789473684211,0.3611111111111111,0.4285714285714285
104,2021-06-25,0.4658373205741628,0.3333333333333333,0.4375
5601,2021-06-26,0.47649122807017585,0.5,0.3333333333333333
5602,2021-06-27,0.487145135566188,0.75,0.25
103,2021-06-28,0.497799043062201,0.4,0.4736842105263157
102,2021-06-29,0.5274641148325361,0.4285714285714285,0.1714285714285714
101,2021-06-30,0.5395215311004784,0.4,0.2264150943396226
100,2021-07-01,0.5454545454545454,0.2222222222222222,0.1147540983606557
99,2021-07-02,0.5969377990430624,0.2352941176470588,0.125
5603,2021-07-03,0.6067942583732062,0.5,0.6567164179104478
5604,2021-07-04,0.6166507177033496,0.0,0.4444444444444444
5605,2021-07-05,0.6265071770334925,0.25,0.1351351351351351
98,2021-07-06,0.6363636363636367,0.2,0.3076923076923077
97,2021-07-07,0.6851674641148322,0.2,0.3205128205128205
96,2021-07-08,0.6597129186602873,0.0,0.073170731707317
95,2021-07-09,0.6955023923444976,0.4347826086956521,0.225
5606,2021-07-10,0.6916108452950556,0.5,0.6153846153846154
5607,2021-07-11,0.6877192982456144,0.3333333333333333,0.8518518518518519
94,2021-07-12,0.6838277511961723,0.3333333333333333,0.4838709677419355
93,2021-07-13,0.7056459330143539,0.2962962962962963,0.2857142857142857
92,2021-07-14,0.7728229665071771,0.1724137931034483,0.4285714285714285
91,2021-07-15,0.7599999999999998,0.1851851851851851,0.3157894736842105
90,2021-07-16,0.7199999999999998,0.4090909090909091,0.5
5608,2021-07-17,0.694864433811802,0.25,0.1111111111111111
5609,2021-07-18,0.6697288676236042,0.5,0.25
89,2021-07-19,0.6445933014354064,0.3076923076923077,0.5217391304347826
88,2021-07-20,0.7154066985645935,0.15625,0.3823529411764705
87,2021-07-21,0.7010526315789476,0.0476190476190476,0.2608695652173913
86,2021-07-22,0.7278468899521533,0.3076923076923077,0.425
85,2021-07-23,0.7615311004784688,0.5,0.4736842105263157
5610,2021-07-24,0.7642743221690593,0.25,0.1666666666666666
5611,2021-07-25,0.7670175438596489,0.6,0.0952380952380952
84,2021-07-26,0.7697607655502394,0.3529411764705882,0.71875
83,2021-07-27,0.7272727272727275,0.1818181818181818,0.4102564102564102
82,2021-07-28,0.6930143540669853,0.2345679012345679,0.2545454545454545
81,2021-07-29,0.7056459330143539,0.1111111111111111,0.174757281553398
80,2021-07-30,0.7098564593301435,0.2083333333333333,0.1574074074074074
5612,2021-07-31,0.7076874003189793,0.25,0.25
5613,2021-08-01,0.7055183413078154,0.0,0.4807692307692308
79,2021-08-02,0.7033492822966507,0.3846153846153846,0.2962962962962963
78,2021-08-03,0.7385645933014358,0.3,0.4230769230769231
77,2021-08-04,0.7307177033492822,0.2857142857142857,0.2692307692307692
76,2021-08-05,0.732822966507177,0.1666666666666666,0.4285714285714285
75,2021-08-06,0.7152153110047843,0.25,0.4285714285714285
5614,2021-08-07,0.7148963317384371,0.4444444444444444,0.4444444444444444
5615,2021-08-08,0.7145773524720891,0.3333333333333333,0.25
74,2021-08-09,0.7142583732057415,0.1818181818181818,0.1714285714285714
73,2021-08-10,0.7048803827751193,0.2352941176470588,0.2903225806451613
72,2021-08-11,0.7098564593301435,0.238095238095238,0.4074074074074074
71,2021-08-12,0.7678468899521529,0.05,0.2222222222222222
70,2021-08-13,0.7718660287081338,0.1739130434782608,0.1578947368421052
5616,2021-08-14,0.7847527910685805,0.3333333333333333,0.1034482758620689
5617,2021-08-15,0.7976395534290268,0.25,0.2941176470588235
69,2021-08-16,0.8105263157894735,0.25,0.25
68,2021-08-17,0.7927272727272725,0.4444444444444444,0.25
67,2021-08-18,0.7194258373205744,0.1428571428571428,0.2162162162162162
66,2021-08-19,0.7259330143540668,0.0869565217391304,0.325
65,2021-08-20,0.7544497607655503,0.2608695652173913,0.32
5618,2021-08-21,0.7641467304625196,0.4,0.5625
5619,2021-08-22,0.7738437001594898,1.0,0.3478260869565217
64,2021-08-23,0.7835406698564595,0.4,0.391304347826087
63,2021-08-24,0.7818181818181817,0.1176470588235294,0.6071428571428571
62,2021-08-25,0.7577033492822967,0.4090909090909091,0.3846153846153846
61,2021-08-26,0.74200956937799,0.5454545454545454,0.275
60,2021-08-27,0.7622966507177034,0.3571428571428571,0.2352941176470588
5620,2021-08-28,0.791132376395534,0.25,0.3076923076923077
5621,2021-08-29,0.8199681020733651,0.0,0.25
59,2021-08-30,0.8488038277511962,0.3703703703703703,0.4285714285714285
58,2021-08-31,0.8241148325358854,0.2285714285714285,0.1818181818181818
57,2021-09-01,0.8371291866028705,0.2333333333333333,0.3191489361702128
56,2021-09-02,0.8589473684210525,0.1428571428571428,0.2741935483870967
55,2021-09-03,0.8713875598086127,0.125,0.3111111111111111
5622,2021-09-04,0.882822966507177,0.0,0.1904761904761904
5623,2021-09-05,0.8942583732057416,0.0,0.8461538461538461
5624,2021-09-06,0.9056937799043063,0.3333333333333333,0.2222222222222222
54,2021-09-07,0.9171291866028706,0.3235294117647059,0.3076923076923077
53,2021-09-08,0.8868899521531102,0.2666666666666666,0.6071428571428571
52,2021-09-09,0.8669856459330143,0.4090909090909091,0.2244897959183673
51,2021-09-10,0.7693779904306219,0.1791044776119403,0.3928571428571428
5625,2021-09-11,0.7730781499202548,0.125,0.3
5626,2021-09-12,0.7767783094098886,0.1428571428571428,0.3
50,2021-09-13,0.7804784688995214,0.1836734693877551,0.2941176470588235
49,2021-09-14,0.75311004784689,0.3679245283018867,0.75
48,2021-09-15,0.7705263157894735,0.2790697674418604,0.4444444444444444
47,2021-09-16,0.7659330143540668,0.3333333333333333,0.6
46,2021-09-17,0.7136842105263157,0.2727272727272727,0.4
5627,2021-09-18,0.6937799043062203,0.0,0.2
5628,2021-09-19,0.673875598086124,0.4,0.7666666666666667
45,2021-09-20,0.6539712918660285,0.375,0.375
44,2021-09-21,0.6633492822966507,0.391304347826087,0.375
43,2021-09-22,0.7096650717703348,0.2857142857142857,0.2608695652173913
42,2021-09-23,0.7284210526315791,0.2894736842105263,0.4054054054054054
41,2021-09-24,0.730143540669856,0.6,0.4705882352941176
5629,2021-09-25,0.7202551834130779,0.3333333333333333,0.6296296296296297
5630,2021-09-26,0.7103668261562994,0.5,0.7
40,2021-09-27,0.7004784688995214,0.3125,0.5333333333333333
39,2021-09-28,0.6342583732057414,0.3333333333333333,0.5833333333333334
38,2021-09-29,0.6518660287081341,0.15,0.2307692307692307
37,2021-09-30,0.6264114832535883,0.1538461538461538,0.8043478260869565
36,2021-10-01,0.648421052631579,0.3333333333333333,0.3023255813953488
5631,2021-10-02,0.6260287081339708,0.3333333333333333,0.1176470588235294
5632,2021-10-03,0.6036363636363635,0.6666666666666666,0.1470588235294117
35,2021-10-04,0.5812440191387558,0.2857142857142857,0.2127659574468085
34,2021-10-05,0.6189473684210527,0.2580645161290322,0.46875
33,2021-10-06,0.6359808612440192,0.3125,0.3181818181818182
32,2021-10-07,0.6606698564593301,0.375,0.1428571428571428
31,2021-10-08,0.6532057416267945,0.2777777777777778,0.4615384615384615
5633,2021-10-09,0.6526315789473682,0.0,0.5
5634,2021-10-10,0.6520574162679424,0.5,0.4
30,2021-10-11,0.6514832535885167,0.1428571428571428,0.4
29,2021-10-12,0.626602870813397,0.2,0.625
28,2021-10-13,0.6151196172248801,0.1224489795918367,0.4230769230769231
27,2021-10-14,0.6696650717703347,0.2857142857142857,0.625
26,2021-10-15,0.6903349282296651,0.2307692307692307,0.1176470588235294
5635,2021-10-17,0.7066985645933013,0.0,0.5
25,2021-10-18,0.7230622009569379,0.3703703703703703,0.4242424242424242
24,2021-10-19,0.765358851674641,0.1538461538461538,0.45
23,2021-10-20,0.7749282296650715,0.173076923076923,0.6
22,2021-10-21,0.7791387559808611,0.1454545454545454,0.4117647058823529
21,2021-10-22,0.7640191387559807,0.2307692307692307,0.4375
5636,2021-10-23,0.7637001594896327,0.2727272727272727,0.68
5637,2021-10-24,0.7633811802232855,0.2307692307692307,0.8666666666666667
20,2021-10-25,0.7630622009569374,0.2391304347826087,0.3720930232558139
19,2021-10-26,0.776076555023923,0.1818181818181818,0.24
18,2021-10-27,0.7670813397129184,0.3333333333333333,0.2307692307692307
17,2021-10-28,0.8382775119617221,0.2989690721649484,0.1111111111111111
16,2021-10-29,0.7852631578947369,0.1486486486486486,0.2098765432098765
5638,2021-10-30,0.7799043062200957,0.1111111111111111,0.6
5639,2021-10-31,0.7745454545454544,0.3636363636363636,0.25
15,2021-11-01,0.7691866028708136,0.3181818181818182,0.0482758620689655
14,2021-11-02,0.7894736842105265,0.0454545454545454,0.0606060606060606
13,2021-11-03,0.8176076555023926,0.3684210526315789,0.6428571428571429
12,2021-11-04,0.8074641148325359,0.3181818181818182,0.25
11,2021-11-05,0.8135885167464112,0.3846153846153846,0.3571428571428571
5640,2021-11-06,0.8082296650717704,0.375,0.0
5641,2021-11-07,0.8028708133971292,0.6666666666666666,0.484375
10,2021-11-08,0.797511961722488,0.1764705882352941,0.1489361702127659
9,2021-11-09,0.8045933014354065,0.1923076923076923,0.2857142857142857
8,2021-11-10,0.7492822966507173,0.1555555555555555,0.4210526315789473
7,2021-11-11,0.7483253588516745,0.2682926829268293,0.25
6,2021-11-12,0.7888995215311008,0.2658227848101265,0.2857142857142857
5642,2021-11-13,0.7889633173843702,0.391304347826087,0.3333333333333333
5643,2021-11-14,0.7890271132376396,0.0,0.2857142857142857
5,2021-11-15,0.7890909090909091,0.2025316455696202,0.5384615384615384
4,2021-11-16,0.8082296650717704,0.1904761904761904,0.68
3,2021-11-17,0.8558851674641148,0.2278481012658227,0.2068965517241379
2,2021-11-18,0.939712918660287,0.2647058823529412,0.4693877551020408
1,2021-11-19,0.9910047846889953,0.2238805970149253,0.46
5644,2021-11-20,0.9940031897926636,0.5,0.2916666666666667
5645,2021-11-21,0.9970015948963318,0.5,0.6
0,2021-11-22,1.0,0.109375,0.4634146341463415
5646,2021-11-23,1.0,0.1333333333333333,0.3114754098360656
