,date,GOOGL,news_label,twitter_label
266,2020-11-02,0.0,0.0,-1.0
265,2020-11-03,0.015548836023170365,0.0,-1.0
262,2020-11-06,0.0986629749717658,0.5,-1.0
261,2020-11-09,0.09989434952092968,0.0,-1.0
258,2020-11-12,0.08634194324019084,0.5,-1.0
257,2020-11-13,0.10779263361142477,0.0,-1.0
255,2020-11-17,0.10006921927939083,0.0,-1.0
253,2020-11-19,0.09781777113920365,1.0,-1.0
5552,2020-11-22,0.08652045611861992,1.0,-1.0
251,2020-11-23,0.0752231410980364,0.6666666666666666,-1.0
250,2020-11-24,0.10170133702502837,0.0,-1.0
249,2020-11-25,0.10186892054355345,0.6666666666666666,-1.0
5553,2020-11-28,0.10945389631680569,1.0,0.2
5554,2020-11-29,0.11703887209005792,1.0,0.0
246,2020-12-01,0.12462384786330993,0.0,0.7647058823529411
242,2020-12-07,0.1404131298043645,0.5,0.8888888888888888
240,2020-12-09,0.11187292797551818,1.0,0.25
238,2020-12-11,0.10964333855513853,0.0,0.8571428571428571
236,2020-12-15,0.09964661736310965,0.0,0.8
235,2020-12-16,0.09681227002805204,0.5,0.6363636363636364
231,2020-12-22,0.06987504098509967,0.0,0.6
229,2020-12-24,0.08003205945571801,0.0,0.0
228,2020-12-28,0.1090312944005245,0.5,0.625
226,2020-12-30,0.081554883602317,1.0,0.6
5555,2021-01-02,0.0829392691901345,0.0,1.0
223,2021-01-05,0.08432365477795178,0.0,0.3
221,2021-01-07,0.10930817151808792,1.0,0.6666666666666666
220,2021-01-08,0.12642354912747278,0.5,-1.0
5556,2021-01-09,0.11129002878064775,0.0,0.0833333333333333
219,2021-01-11,0.09615650843382273,0.0,0.0
218,2021-01-12,0.08241465991475105,0.0,0.6666666666666666
217,2021-01-13,0.08956974753178626,0.0,0.0
216,2021-01-14,0.0776713177164925,1.0,0.4285714285714285
215,2021-01-15,0.07526685853765147,0.3333333333333333,0.2857142857142857
5557,2021-01-18,0.09597799555539366,0.0,0.0
214,2021-01-19,0.11668913257313562,1.0,0.4444444444444444
213,2021-01-20,0.18634558636015885,1.0,0.3636363636363636
212,2021-01-21,0.1893183722539984,0.0,0.1666666666666666
211,2021-01-22,0.19544610004007423,0.3333333333333333,0.1111111111111111
210,2021-01-25,0.19669933330904588,1.0,0.1428571428571428
209,2021-01-26,0.2066596233013953,0.25,0.1428571428571428
208,2021-01-27,0.14180480163211784,0.3333333333333333,0.1666666666666666
207,2021-01-28,0.16676745965244644,0.0,0.25
205,2021-02-01,0.1958176982768043,0.5,0.3333333333333333
204,2021-02-02,0.21479835330977437,0.3333333333333333,0.2432432432432432
203,2021-02-03,0.3166308426536486,0.0,0.1551724137931034
202,2021-02-04,0.3128055666873111,0.5,0.0
201,2021-02-05,0.33845313126161236,1.0,0.3333333333333333
5558,2021-02-06,0.33688294655543016,1.0,0.2
200,2021-02-08,0.33531276184924774,0.4285714285714285,0.0
199,2021-02-09,0.32866042478778823,0.5,-1.0
198,2021-02-10,0.3367408648766803,0.75,0.0
196,2021-02-12,0.34297060002185886,0.5,-1.0
5559,2021-02-13,0.34582498451674026,1.0,0.1428571428571428
5560,2021-02-14,0.34867936901162144,0.5,-1.0
5561,2021-02-15,0.35153375350650284,0.0,0.5
195,2021-02-16,0.35438813800138425,0.0,0.25
194,2021-02-17,0.36015884003060217,0.0,0.25
193,2021-02-18,0.35082516667273844,0.5,0.5
192,2021-02-19,0.3384385587817407,0.1428571428571428,0.5
5562,2021-02-20,0.32585157929250586,1.0,0.3333333333333333
191,2021-02-22,0.3132645998032717,0.0,1.0
190,2021-02-23,0.3175343364056977,0.6666666666666666,0.4
189,2021-02-24,0.33479543881380014,0.125,0.3333333333333333
188,2021-02-25,0.2853510146089111,0.6,0.4285714285714285
187,2021-02-26,0.28969361361069623,0.1666666666666666,0.8
5563,2021-02-27,0.3070895114576122,0.25,0.5
186,2021-03-01,0.3244854093045282,0.5,0.2222222222222222
185,2021-03-02,0.320711137017742,0.1666666666666666,0.8
184,2021-03-03,0.2820430616780212,0.2,0.25
183,2021-03-04,0.2984516740136254,0.0,0.4285714285714285
182,2021-03-05,0.34445699296877863,0.25,0.4444444444444444
5564,2021-03-06,0.32270270926688305,0.0,0.6428571428571429
5565,2021-03-07,0.30094842556498724,0.0,0.5
181,2021-03-08,0.27919414186309144,0.375,0.4
180,2021-03-09,0.30313672629239674,0.375,1.0
179,2021-03-10,0.3000983642391344,0.4,0.4
178,2021-03-11,0.3469853182265292,0.2857142857142857,0.4
177,2021-03-12,0.3101606615905861,0.0,0.2857142857142857
5566,2021-03-13,0.31177820685635194,0.5,0.0
176,2021-03-15,0.31339575212211734,0.1666666666666666,1.0
175,2021-03-16,0.3348537287332871,0.1875,0.6666666666666666
174,2021-03-17,0.3336369266639949,0.2307692307692307,0.5
173,2021-03-18,0.2892782979343509,0.40625,0.5714285714285714
172,2021-03-19,0.2933731647783162,0.0909090909090909,0.0
5567,2021-03-20,0.2942790872770107,0.5,0.7142857142857143
5568,2021-03-21,0.29518500977570516,0.4444444444444444,0.75
171,2021-03-22,0.29609093227439987,0.4137931034482758,0.4
170,2021-03-23,0.3038434915661772,0.2,0.0
169,2021-03-24,0.29743160042260186,0.064516129032258,0.3333333333333333
168,2021-03-25,0.29738059674305073,0.1470588235294117,0.0
167,2021-03-26,0.29174833327261473,0.125,0.2
5569,2021-03-27,0.2968632737076031,0.0,0.2
5570,2021-03-28,0.30197821414259174,0.2857142857142857,1.0
166,2021-03-29,0.30709315457758013,0.2608695652173913,0.3333333333333333
165,2021-03-30,0.3075886188932202,0.2647058823529412,0.5
164,2021-03-31,0.3192830339903092,0.2,0.3
163,2021-04-01,0.3682902837990456,0.2352941176470588,0.0
5571,2021-04-02,0.38453495573609264,0.4,0.0
5572,2021-04-03,0.40077962767313924,0.75,0.0
5573,2021-04-04,0.41702429961018606,0.4,0.0
162,2021-04-05,0.4332689715472331,0.2564102564102564,0.5
161,2021-04-06,0.42620131880942846,0.4285714285714285,0.2857142857142857
160,2021-04-07,0.4478924550985466,0.3,0.25
159,2021-04-08,0.4561987686254507,0.3125,0.5333333333333333
158,2021-04-09,0.47094611825567423,0.4444444444444444,0.3333333333333333
5574,2021-04-10,0.4646192332446841,0.3333333333333333,0.25
5575,2021-04-11,0.4582923482336938,0.3333333333333333,0.0
157,2021-04-12,0.4519654632227037,0.4545454545454545,0.0
156,2021-04-13,0.45911326459980306,0.0,0.1428571428571428
155,2021-04-14,0.44999089220007993,0.1153846153846153,0.0
154,2021-04-15,0.4815694560821888,0.3,0.0
153,2021-04-16,0.47974789609821844,0.3333333333333333,0.0
5576,2021-04-17,0.4814504474965693,0.4,1.0
5577,2021-04-18,0.48315299889492036,0.0,0.5
152,2021-04-19,0.4848555502932712,0.2,0.6666666666666666
151,2021-04-20,0.47702284236219916,0.0588235294117647,0.0
150,2021-04-21,0.4765419505264308,0.25,1.0
149,2021-04-22,0.45772159277204993,0.2,0.0
148,2021-04-23,0.49226565630806207,0.2962962962962963,0.125
5578,2021-04-24,0.49469440295335576,0.75,0.25
5579,2021-04-25,0.4971231495986492,0.6,0.2
147,2021-04-26,0.49955189624394314,0.2857142857142857,0.625
146,2021-04-27,0.48574447156544864,0.0925925925925925,0.0909090909090909
145,2021-04-28,0.5353346205690552,0.2068965517241379,0.2894736842105263
144,2021-04-29,0.5599038216328465,0.2068965517241379,0.1578947368421052
143,2021-04-30,0.5312980436445771,0.2413793103448276,0.1428571428571428
5580,2021-05-01,0.5287672896401812,0.7777777777777778,0.0
5581,2021-05-02,0.526236535635785,0.4,-1.0
142,2021-05-03,0.523705781631389,0.3,0.3333333333333333
141,2021-05-04,0.4972931618638201,0.4347826086956521,0.25
140,2021-05-05,0.5030784363729097,0.1052631578947368,0.1666666666666666
139,2021-05-06,0.5195307661481292,0.2857142857142857,0.25
138,2021-05-07,0.5301541039746438,0.3888888888888889,0.0
5582,2021-05-08,0.5155379066632664,0.5,0.0
5583,2021-05-09,0.500921709351889,0.3333333333333333,0.4
137,2021-05-10,0.48630551204051153,0.125,0.074074074074074
136,2021-05-11,0.4705016576195853,0.2142857142857142,0.125
135,2021-05-12,0.4196364166271995,0.4117647058823529,1.0
134,2021-05-13,0.44061350140260114,0.4117647058823529,0.125
133,2021-05-14,0.47656380924623853,0.2,0.4
5584,2021-05-15,0.4791237082103781,0.6,0.0
5585,2021-05-16,0.48168360717451764,0.3333333333333333,0.0
132,2021-05-17,0.4842435061386572,0.2857142857142857,0.0
131,2021-05-18,0.46497140150825156,0.3636363636363636,0.0
130,2021-05-19,0.4715508761703522,0.2916666666666667,0.2
129,2021-05-20,0.49738059674305046,0.6521739130434783,0.5
128,2021-05-21,0.4880396371452511,0.2105263157894736,0.2
5586,2021-05-22,0.5042903809489112,0.4,0.0
5587,2021-05-23,0.5205411247525713,0.0,0.0
127,2021-05-24,0.5367918685562314,0.4285714285714285,0.0
126,2021-05-25,0.5381252504644976,0.3548387096774194,0.1428571428571428
125,2021-05-26,0.5508324529126742,0.3478260869565217,0.5
124,2021-05-27,0.5379868119057158,0.3076923076923077,0.5
123,2021-05-28,0.5337389340230974,0.25,0.3333333333333333
5588,2021-05-29,0.5381707894640968,0.5,0.75
5589,2021-05-30,0.5426026449050965,0.5714285714285714,0.0
5590,2021-05-31,0.5470345003460961,0.0,0.0
122,2021-06-01,0.5514663557870958,0.4210526315789473,0.0
121,2021-06-02,0.5437502276949979,0.2962962962962963,0.2857142857142857
120,2021-06-03,0.5269845896025356,0.2272727272727272,0.0
119,2021-06-04,0.5604940070676527,0.32,0.0
5591,2021-06-05,0.5626143028889941,0.2,0.6
5592,2021-06-06,0.5647345987103356,0.6666666666666666,0.8095238095238095
118,2021-06-07,0.5668548945316769,0.2903225806451613,0.4285714285714285
117,2021-06-08,0.5640424059164268,0.2068965517241379,0.0769230769230769
116,2021-06-09,0.5709643338555139,0.4347826086956521,0.2
115,2021-06-10,0.5907756202411745,0.2692307692307692,0.0
114,2021-06-11,0.5871835039527851,0.40625,0.0
5593,2021-06-12,0.5917276889261294,0.4285714285714285,0.0
5594,2021-06-13,0.5962718738994739,0.1428571428571428,-1.0
113,2021-06-14,0.6008160588728184,0.2857142857142857,0.3333333333333333
112,2021-06-15,0.5858646945243906,0.3333333333333333,0.6666666666666666
110,2021-06-17,0.5905861780028414,0.0,0.3
109,2021-06-18,0.5667966046121897,0.0,0.2
5595,2021-06-19,0.5750616294461242,1.0,0.0
5596,2021-06-20,0.5833266542800588,0.0,0.04
108,2021-06-21,0.5915916791139932,0.2,0.2307692307692307
107,2021-06-22,0.599140223687566,0.3333333333333333,0.1666666666666666
106,2021-06-23,0.5961747240336623,0.0,0.5
105,2021-06-24,0.6016102590258297,0.0,0.3333333333333333
104,2021-06-25,0.6017341251047397,0.25,0.0
5597,2021-06-26,0.601934496702976,0.0,1.0
103,2021-06-28,0.6021348683012129,0.0,0.8
101,2021-06-30,0.5956282560384711,1.0,1.0
20,2021-10-25,0.8194251156690588,0.0,0.4545454545454545
19,2021-10-26,0.846551786950344,0.0,0.0
18,2021-10-27,0.9472330503843491,0.0,0.16
17,2021-10-28,0.9418630915516049,0.2592592592592592,0.0666666666666666
16,2021-10-29,0.9738788298298664,0.1564625850340136,0.1818181818181818
5598,2021-10-30,0.9781169927259039,0.15,0.125
5599,2021-10-31,0.982355155621941,0.3333333333333333,0.6
9,2021-11-09,0.9865933185179785,0.5,0.375
8,2021-11-10,0.9425115669058981,0.3333333333333333,0.2307692307692307
7,2021-11-11,0.9406608619621843,0.2857142857142857,0.3333333333333333
6,2021-11-12,0.9830886371088197,0.6428571428571429,0.4
5600,2021-11-13,0.981990843625147,0.0,0.0
5601,2021-11-14,0.9808930501414743,0.5,0.5
5,2021-11-15,0.9797952566578016,0.2222222222222222,0.1666666666666666
4,2021-11-16,0.9714015082516665,0.1847826086956521,0.4
3,2021-11-17,0.9738934023097381,0.2222222222222222,0.3333333333333333
2,2021-11-18,0.9999999999999998,0.2558139534883721,0.25
1,2021-11-19,0.9867098983569529,0.2333333333333333,0.1428571428571428
5602,2021-11-20,0.9739614072158063,0.5714285714285714,0.0
5603,2021-11-21,0.9612129160746596,0.4,0.2857142857142857
0,2021-11-22,0.948464424933513,0.123076923076923,0.0909090909090909
5604,2021-11-23,0.948464424933513,0.2,0.0769230769230769
